102041
103679
104235
104785
105168
105176
105767
105860
105979
106039
106071
106246
106331
106802
106880
107055
108202
109521
109646
109735
110168
110354
112028
112061
112126
112249
112332
112694
113111
114709
114713
114935
114990
115800
116019
116051
116210
116360
117226
117397
119302
119791
120217
120562
121001
121050
121085
121407
122528
122916
125511
125535
125554
126176
126389
126554
126903
126921
127008
127236
127305
127417
127611
128154
129552
129720
129886
129926
130211
130687
130896
131224
131867
132179
132224
132657
139272
19977
19981
20011
20017
20151
20153
20189
20197
20247
20313
20320
20322
20326
20327
20362
20387
20461
20589
20649
20699
20809
20888
20940
20941
20949
20963
20974
21016
21056
21085
80557
80688
81725
81760
82051
82063
82492
82790
83010
83454
83835
83999
84103
84761
84973
85083
85173
85369
85853
86287
86350
86444
86486
86722
86924
86972
87135
87445
87457
87538
87563
87601
87646
87804
87990
88209
88402
88589
88608
88760
88770
89279
89377
90021
90077
90262
90281
91717
91962
92089
92182
92193
92211
92554
92927
93051
93169
93274
93278
93517
93723
93734
93787
93856
94276
94492
95057
95116
95257
95460
96659
97092
97271
97485
97994
98422
98535
98567
98831
98871
99604
99949
99964
